# Frequency Voltage Deflection
[ 0.  1.  2.  3.  4.  5.  6.  7.  8.  9. 10. 11. 12. 13. 14. 15. 16. 17.
 18. 19. 20. 21. 22. 23. 24. 25. 26. 27. 28. 29. 30. 31. 32. 33. 34. 35.
 36. 37. 38. 39. 40. 41. 42. 43. 44. 45. 46. 47. 48. 49. 50. 51. 52. 53.
 54. 55. 56. 57. 58. 59. 60. 61. 62. 63. 64. 65. 66. 67. 68. 69. 70. 71.
 72. 73. 74. 75. 76. 77. 78. 79.] [50. 50. 50. 50. 50. 50. 50. 50. 50. 50. 50. 50. 50. 50. 50. 50. 50. 50.
 50. 50. 50. 50. 50. 50. 50. 50. 50. 50. 50. 50. 50. 50. 50. 50. 50. 50.
 50. 50. 50. 50. 50. 50. 50. 50. 50. 50. 50. 50. 50. 50. 50. 50. 50. 50.
 50. 50. 50. 50. 50. 50. 50. 50. 50. 50. 50. 50. 50. 50. 50. 50. 50. 50.
 50. 50. 50. 50. 50. 50. 50. 50.] [-0.04512924 -0.0237277  -0.01195456 -0.0133934  -0.01389648 -0.01452066
 -0.01462876 -0.01459305 -0.01438336 -0.01337253 -0.01382118 -0.01291108
 -0.0119062  -0.01037511 -0.00858649 -0.00683003 -0.00428634 -0.0013699
  0.00257208  0.00710897  0.01308584  0.02130268  0.03286327  0.05262261
  0.08685137  0.16030954  0.41855411  0.34211942  0.22590455  0.12474597
  0.0657903   0.03348758  0.01303353 -0.00068274 -0.01008608 -0.0171527
 -0.02271142 -0.02697485 -0.03077719 -0.03429112 -0.03727962 -0.04063792
 -0.04201201 -0.04055099 -0.04362545 -0.04640962 -0.04507966 -0.04527941
 -0.04538299 -0.04503589 -0.0453001  -0.04529973 -0.04302322 -0.01618593
 -0.0023162  -0.00535882 -0.01192955 -0.01766598 -0.02240343 -0.02605381
 -0.02970274 -0.0331644  -0.03563461 -0.03799144 -0.04030062 -0.04284556
 -0.04422885 -0.04540855 -0.04511774 -0.04526915 -0.04521246 -0.04542287
 -0.04515388 -0.04522483 -0.04545664 -0.04545318 -0.04550358 -0.04504152
 -0.04543379 -0.04506888]
[79. 81. 80. 79. 78. 77. 76. 75. 74. 73. 72. 71. 70. 69. 68. 67. 66. 65.
 64. 63. 62. 61. 60. 59. 58. 57. 56. 55. 54. 53. 52. 51. 50. 49. 48. 47.
 46. 45. 44. 43. 42. 41. 40. 39. 38. 37. 36. 35. 34. 33. 32. 31. 30. 29.
 28. 27. 26. 25. 24. 23. 22. 21. 20. 19. 18. 17. 16. 15. 14. 13. 12. 11.
 10.  9.  8.  7.  6.  5.  4.  3.  2.  1.] [ 50. 100. 100. 100. 100. 100. 100. 100. 100. 100. 100. 100. 100. 100.
 100. 100. 100. 100. 100. 100. 100. 100. 100. 100. 100. 100. 100. 100.
 100. 100. 100. 100. 100. 100. 100. 100. 100. 100. 100. 100. 100. 100.
 100. 100. 100. 100. 100. 100. 100. 100. 100. 100. 100. 100. 100. 100.
 100. 100. 100. 100. 100. 100. 100. 100. 100. 100. 100. 100. 100. 100.
 100. 100. 100. 100. 100. 100. 100. 100. 100. 100. 100. 100.] [-0.04506888 -0.04166642 -0.04064215 -0.03978332 -0.0391545  -0.03822957
 -0.03719846 -0.03633486 -0.03511004 -0.03417444 -0.03329421 -0.03187029
 -0.0302218  -0.02857789 -0.02748317 -0.0256398  -0.02358516 -0.02102812
 -0.01961334 -0.01609312 -0.01251478 -0.00819578 -0.00264197  0.00331101
  0.00749952  0.01328329  0.02135567  0.031287    0.04039798  0.04900247
  0.0507472   0.03358078 -0.01690488 -0.03804599 -0.04520724 -0.04501025
 -0.0450476  -0.03840001 -0.03309687 -0.02791036 -0.02317588 -0.0243728
 -0.01941198 -0.01231396 -0.0045165   0.0044242   0.01546231  0.02847683
  0.04410151  0.06515558  0.09455561  0.13409249  0.19179826  0.28234964
  0.36256506  0.51484832  0.83480622  1.2919615   0.32209403  0.22560493
  0.17412686  0.14063389  0.11727063  0.10012915  0.08502837  0.07519841
  0.0676038   0.06188988  0.05734708  0.05315658  0.0499092   0.04747998
  0.04543897  0.04433158  0.04312576  0.04238154  0.04218597  0.04247506
  0.04370005  0.04562401  0.04949478  0.0379997 ]
[ 1. -1.  0.  1.  2.  3.  4.  5.  6.  7.  8.  9. 10. 11. 12. 13. 14. 15.
 16. 17. 18. 19. 20. 21. 22. 23. 24. 25. 26. 27. 28. 29. 30. 31. 32. 33.
 34. 35. 36. 37. 38. 39. 40. 41. 42. 43. 44. 45. 46. 47. 48. 49. 50. 51.
 52. 53. 54. 55. 56. 57. 58. 59. 60. 61. 62. 63. 64. 65. 66. 67. 68. 69.
 70. 71. 72. 73. 74. 75. 76. 77. 78. 79.] [100. 150. 150. 150. 150. 150. 150. 150. 150. 150. 150. 150. 150. 150.
 150. 150. 150. 150. 150. 150. 150. 150. 150. 150. 150. 150. 150. 150.
 150. 150. 150. 150. 150. 150. 150. 150. 150. 150. 150. 150. 150. 150.
 150. 150. 150. 150. 150. 150. 150. 150. 150. 150. 150. 150. 150. 150.
 150. 150. 150. 150. 150. 150. 150. 150. 150. 150. 150. 150. 150. 150.
 150. 150. 150. 150. 150. 150. 150. 150. 150. 150. 150. 150.] [ 3.79996968e-02  1.05679047e-01 -4.53010334e-02  1.12204051e-01
  1.17668512e-01  1.10435518e-01  1.06606825e-01  1.04329403e-01
  1.03266499e-01  1.03590850e-01  1.04090100e-01  1.07826892e-01
  1.09496246e-01  1.12391407e-01  1.16503161e-01  1.21807513e-01
  1.29295031e-01  1.37328315e-01  1.47863287e-01  1.60617914e-01
  1.77390957e-01  1.99599721e-01  2.26422271e-01  2.63803507e-01
  3.18518745e-01  4.08311059e-01  9.37508172e-01  1.96259292e+00
  1.12269984e+00  6.47206904e-01  4.42135119e-01  3.30563151e-01
  2.56237854e-01  2.08432564e-01  1.69431229e-01  1.28882013e-01
  9.69089593e-02  7.29876228e-02  5.31956188e-02  3.59565481e-02
  2.18753541e-02  9.69807763e-03 -1.87543256e-03 -2.73742760e-03
 -1.12475049e-02 -2.38105318e-02 -3.16680090e-02 -3.87414278e-02
 -4.47976506e-02 -4.44705963e-02 -3.04192492e-02  1.04758222e-02
  8.01448835e-02  1.00935280e-01  9.95154128e-02  8.86712157e-02
  7.46091075e-02  6.19972914e-02  5.15687618e-02  4.04739857e-02
  3.08289261e-02  2.27660827e-02 -4.50586370e-02 -4.49896780e-02
 -4.50044036e-02 -4.46699918e-02 -4.48739369e-02 -4.48046969e-02
 -4.49828074e-02 -4.49612496e-02 -4.50436787e-02 -4.51858933e-02
 -4.47963298e-02 -4.51527677e-02 -4.50900677e-02 -4.49098492e-02
 -4.51396665e-02 -4.50827264e-02 -4.50714675e-02 -4.52700029e-02
 -4.50651105e-02 -4.48442330e-02]
[79. 81. 80. 79. 78. 77. 76. 75. 74. 73. 72. 71. 70. 69. 68. 67. 66. 65.
 64. 63. 62. 61. 60. 59. 58. 57. 56. 55. 54. 53. 52. 51. 50. 49. 48. 47.
 46. 45. 44. 43. 42. 41. 40. 39. 38. 37. 36. 35. 34. 33. 32. 31. 30. 29.
 28. 27. 26. 25. 24. 23. 22. 21. 20. 19. 18. 17. 16. 15. 14. 13. 12. 11.
 10.  9.  8.  7.  6.  5.  4.  3.  2.  1.] [150. 200. 200. 200. 200. 200. 200. 200. 200. 200. 200. 200. 200. 200.
 200. 200. 200. 200. 200. 200. 200. 200. 200. 200. 200. 200. 200. 200.
 200. 200. 200. 200. 200. 200. 200. 200. 200. 200. 200. 200. 200. 200.
 200. 200. 200. 200. 200. 200. 200. 200. 200. 200. 200. 200. 200. 200.
 200. 200. 200. 200. 200. 200. 200. 200. 200. 200. 200. 200. 200. 200.
 200. 200. 200. 200. 200. 200. 200.] [-4.50666843e-02 -3.91504474e-02 -3.77343184e-02 -3.65959092e-02
 -3.56200714e-02 -3.52106874e-02 -3.39586334e-02 -3.23775566e-02
 -3.02018178e-02 -2.71178176e-02 -2.42496109e-02 -2.16899859e-02
 -1.91885323e-02 -1.66033433e-02 -1.34083332e-02 -9.68791612e-03
 -6.11205267e-03 -2.80564474e-03  1.94773264e-03  6.61909059e-03
  1.28965640e-02  2.07410204e-02  2.86699668e-02  3.80760077e-02
  4.87745204e-02  6.01835148e-02  7.25629612e-02  8.60940331e-02
  1.03722871e-01  1.21110920e-01  1.36066546e-01  1.47161008e-01
  1.44727640e-01  1.03906817e-01  3.16815442e-02 -1.74131381e-02
 -4.15734413e-02 -4.48130730e-02 -3.58073456e-02 -2.30191510e-02
 -9.29579376e-03  5.49830659e-03  7.83774847e-03  1.29657771e-02
  3.42630580e-02  5.62852502e-02  8.35434435e-02  1.11930890e-01
  1.44922037e-01  1.86465630e-01  2.31134927e-01  2.89886569e-01
  3.70763979e-01  4.85981585e-01  6.66063220e-01  9.80287058e-01
  1.58760992e+00  2.68493332e+00  1.65238456e+00  7.11896372e-01
  5.13904906e-01  4.22700000e-01  3.63243097e-01  3.20938466e-01
  2.86855511e-01  2.60130080e-01  2.40548530e-01  2.25050670e-01
  2.13398376e-01  2.02389061e-01  1.93884557e-01  1.87923451e-01
  1.82884573e-01  1.78571403e-01  1.76673077e-01  1.74716522e-01
  1.75033216e-01  1.76669212e-01  1.80365929e-01  1.86111832e-01
  1.96139660e-01  1.81436095e-01]
[ 1. -1.  0.  1.  2.  3.  4.  5.  6.  7.  8.  9. 10. 11. 12. 13. 14. 15.
 16. 17. 18. 19. 20. 21. 22. 23. 24. 25. 26. 27. 28. 29. 30. 31. 32. 33.
 34. 35. 36. 37. 38. 39. 40. 41. 42. 43. 44. 45. 46. 47. 48. 49. 50. 51.
 52. 53. 54. 55. 56. 57. 58.] [200. 250. 250. 250. 250. 250. 250. 250. 250. 250. 250. 250. 250. 250.
 250. 250. 250. 250. 250. 250. 250. 250. 250. 250. 250. 250. 250. 250.
 250. 250. 250. 250. 250. 250. 250. 250. 250. 250. 250. 250. 250. 250.
 250. 250. 250. 250. 250. 250. 250. 250. 250. 250. 250. 250. 250. 250.
 250. 250. 250. 250. 250.] [ 0.18143609  0.2494414  -0.05812395  0.24698116  0.27360062  0.25958083
  0.2515621   0.2479077   0.24559734  0.24580013  0.2481389   0.25247557
  0.25531822  0.26172636  0.27002409  0.28047296  0.29446053  0.31091231
  0.3315545   0.35789259  0.39328624  0.43752322  0.49151505  0.57066509
  0.70869359  1.1181284   2.59611003  3.25047629  1.79121717  1.12323083
  0.77090196  0.56563465  0.43449387  0.34862447  0.28118114  0.22220048
  0.17565481  0.13907609  0.1057897   0.07598707  0.04854684  0.02093338
  0.02536787 -0.05789835 -0.05777165 -0.05794645 -0.05787598 -0.05769306
 -0.05798188 -0.05777959 -0.05781793 -0.05766579 -0.05796327 -0.05770745
 -0.0580406  -0.05799471 -0.05822698 -0.05773958 -0.05815798 -0.05775818
 -0.05820006]
[79. 81. 80. 79. 78. 77. 76. 75. 74. 73. 72. 71. 70. 69. 68. 67. 66. 65.
 64. 63. 62. 61. 60. 59. 58. 57. 56. 55. 54. 53. 52. 51. 50. 49. 48. 47.
 46. 45. 44. 43. 42. 41. 40. 39. 38. 37. 36. 35. 34. 33. 32. 31. 30. 29.
 28. 27. 26. 25. 24. 23. 22. 21. 20. 19. 18. 17. 16. 15. 14. 13. 12. 11.
 10.  9.  8.  7.  6.  5.  4.  3.  2.  1.] [250. 300. 300. 300. 300. 300. 300. 300. 300. 300. 300. 300. 300. 300.
 300. 300. 300. 300. 300. 300. 300. 300. 300. 300. 300. 300. 300. 300.
 300. 300. 300. 300. 300. 300. 300. 300. 300. 300. 300. 300. 300. 300.
 300. 300. 300. 300. 300. 300. 300. 300. 300. 300. 300. 300. 300. 300.
 300. 300. 300. 300. 300. 300. 300. 300. 300. 300. 300. 300. 300. 300.
 300. 300. 300. 300. 300. 300. 300. 300. 300. 300. 300. 300.] [-2.70097073e-02 -2.12003142e-02 -1.90654758e-02 -1.75756710e-02
 -1.66768099e-02 -1.45470898e-02 -1.16381291e-02 -8.41744831e-03
 -4.73641363e-03 -3.06722684e-04  2.73772991e-03  6.87602229e-03
  1.15330227e-02  1.61200187e-02  2.21700249e-02  2.84656869e-02
  3.56830143e-02  4.33256399e-02  5.07895669e-02  5.72428703e-02
  6.57237088e-02  7.51973619e-02  8.51231218e-02  9.68577038e-02
  1.10300466e-01  1.27004053e-01  1.45117413e-01  1.63676523e-01
  1.84359445e-01  2.05299791e-01  2.27982843e-01  2.44898455e-01
  2.54379007e-01  2.45126853e-01  2.04217072e-01  1.37659867e-01
  6.21493725e-02  4.17502193e-03 -2.29771761e-02 -2.72984927e-02
 -1.31151764e-02  1.21657440e-02  4.02065479e-02  4.42159229e-02
  5.91064398e-02  9.44092083e-02  1.32235710e-01  1.73749394e-01
  2.21228934e-01  2.80734576e-01  3.61405939e-01  4.56574360e-01
  5.83616087e-01  7.56718084e-01  1.01692472e+00  1.44609616e+00
  2.18578888e+00  3.80937766e+00  4.83511796e+00  2.05006755e+00
  1.28573831e+00  9.17330861e-01  6.77481937e-01  5.87364897e-01
  5.32325759e-01  4.81837065e-01  4.47151972e-01  4.19514957e-01
  3.98311847e-01  3.79886188e-01  3.65731938e-01  3.55556031e-01
  3.47820776e-01  3.45977131e-01  3.35911573e-01  3.33966549e-01
  3.33971914e-01  3.37320469e-01  3.42586267e-01  3.53889435e-01
  3.71518033e-01  3.39049041e-01]
[ 1. -1.  0.  1.  2.  3.  4.  5.  6.  7.  8.  9. 10. 11. 12. 13. 14. 15.
 16. 17. 18. 19. 20. 21. 22. 23. 24. 25. 26. 27. 28. 29. 30. 31. 32. 33.
 34. 35. 36. 37. 38. 39. 40. 41. 42. 43. 44. 45. 46. 47. 48. 49. 50. 51.
 52. 53. 54. 55. 56. 57. 58. 59. 60. 61. 62. 63. 64. 65. 66. 67. 68. 69.
 70. 71. 72. 73. 74. 75. 76. 77. 78. 79.] [300. 350. 350. 350. 350. 350. 350. 350. 350. 350. 350. 350. 350. 350.
 350. 350. 350. 350. 350. 350. 350. 350. 350. 350. 350. 350. 350. 350.
 350. 350. 350. 350. 350. 350. 350. 350. 350. 350. 350. 350. 350. 350.
 350. 350. 350. 350. 350. 350. 350. 350. 350. 350. 350. 350. 350. 350.
 350. 350. 350. 350. 350. 350. 350. 350. 350. 350. 350. 350. 350. 350.
 350. 350. 350. 350. 350. 350. 350. 350. 350. 350. 350. 350.] [ 3.39049041e-01  4.27626303e-01 -5.78968098e-02  4.24820577e-01
  4.61418962e-01  4.38062620e-01  4.24818996e-01  4.17488670e-01
  4.13573821e-01  4.14026216e-01  4.16752572e-01  4.26325000e-01
  4.28719057e-01  4.39499724e-01  4.51898449e-01  4.68777152e-01
  4.89436138e-01  5.14594523e-01  5.46949252e-01  5.89789880e-01
  6.49190526e-01  7.16853027e-01  8.24853430e-01  1.11147223e+00
  1.51682619e+00  2.44099643e+00  6.27343640e+00  3.61691840e+00
  2.05803051e+00  1.32203482e+00  9.07613783e-01  6.67325962e-01
  5.03137001e-01  3.88982603e-01  3.02354324e-01  2.37788916e-01
  1.88723854e-01  1.45909457e-01  1.11288875e-01  8.01827527e-02
  4.13069344e-02  3.61219159e-04 -1.45425877e-02 -2.51050459e-02
 -2.42727752e-02 -5.44879095e-03  2.26914218e-02  6.45688549e-02
  1.37480989e-01  2.31749485e-01  3.00202005e-01  3.29100190e-01
  3.24990483e-01  3.04496543e-01  2.75128117e-01  2.43616522e-01
  2.13184464e-01  1.87242425e-01  1.61457282e-01  1.43472243e-01
  1.26162651e-01  1.12375443e-01  9.90312663e-02  8.70633428e-02
  7.87750916e-02  7.07506260e-02  6.15741525e-02  5.04800683e-02
  4.14120731e-02  3.22843266e-02  2.56843067e-02  2.04984554e-02
  1.65052141e-02  1.29754253e-02  8.58369480e-03  4.89978160e-03
  2.53373591e-03 -2.61484061e-04 -3.76565327e-03 -7.63878075e-03
 -1.01292716e-02 -1.26411835e-02]
[79. 81. 80. 79. 78. 77. 76. 75. 74. 73. 72. 71. 70. 69. 68. 67. 66. 65.
 64. 63. 62. 61. 60. 59. 58. 57. 56. 55. 54. 53. 52. 51. 50. 49. 48. 47.
 46. 45. 44. 43. 42. 41. 40. 39. 38. 37. 36. 35. 34. 33. 32. 31. 30. 29.
 28. 27. 26. 25. 24. 23. 22. 21. 20. 19. 18. 17. 16. 15. 14. 13. 12. 11.
 10.  9.  8.  7.  6.  5.  4.  3.  2.  1.] [350. 400. 400. 400. 400. 400. 400. 400. 400. 400. 400. 400. 400. 400.
 400. 400. 400. 400. 400. 400. 400. 400. 400. 400. 400. 400. 400. 400.
 400. 400. 400. 400. 400. 400. 400. 400. 400. 400. 400. 400. 400. 400.
 400. 400. 400. 400. 400. 400. 400. 400. 400. 400. 400. 400. 400. 400.
 400. 400. 400. 400. 400. 400. 400. 400. 400. 400. 400. 400. 400. 400.
 400. 400. 400. 400. 400. 400. 400. 400. 400. 400. 400. 400.] [-1.26411835e-02 -8.88672476e-03 -4.39588406e-03 -1.05619511e-03
  1.14562248e-04  1.25698859e-03  5.94673213e-03  1.06463495e-02
  1.45566124e-02  1.82757785e-02  2.35802563e-02  2.91170829e-02
  3.40671069e-02  3.74632831e-02  4.21652066e-02  4.86368230e-02
  5.46953616e-02  6.20441221e-02  7.18885458e-02  8.29794351e-02
  9.44675034e-02  1.07622816e-01  1.23505091e-01  1.39424116e-01
  1.56483639e-01  1.76038997e-01  1.96501184e-01  2.19273526e-01
  2.43435040e-01  2.75012648e-01  3.05789696e-01  3.34868035e-01
  3.60565873e-01  3.75778961e-01  3.64239534e-01  3.19460754e-01
  2.47930111e-01  1.57005850e-01  7.77121570e-02  3.79834199e-02
  1.09428445e-03 -8.14326059e-03  5.64697488e-03  2.91296640e-02
  7.76544465e-02  1.22734194e-01  1.62454566e-01  2.09963481e-01
  2.67246201e-01  3.36310122e-01  4.21619257e-01  5.32091431e-01
  6.81749014e-01  8.74706909e-01  1.16093683e+00  1.65975576e+00
 -5.75130082e-02 -5.77044455e-02 -5.77918356e-02 -5.76607331e-02
 -5.76700565e-02 -5.77085185e-02 -5.70729519e-02 -5.74823689e-02
 -5.74871380e-02 -5.75313484e-02 -5.78234564e-02 -5.76211807e-02
 -5.75390168e-02 -5.77173372e-02 -5.75583425e-02 -5.78337926e-02
 -5.78043955e-02 -5.76015468e-02 -5.76487993e-02 -5.72550624e-02
 -5.79979734e-02 -5.79438813e-02 -5.77656553e-02 -5.78290877e-02
 -5.78377497e-02 -5.83045423e-02]
[79. 81. 80. 79. 78. 77. 76. 75. 74. 73. 72. 71. 70. 69. 68. 67. 66. 65.
 64. 63. 62. 61. 60. 59. 58. 57. 56. 55. 54. 53. 52. 51. 50. 49. 48. 47.
 46. 45. 44. 43. 42. 41. 40. 39. 38. 37. 36. 35. 34. 33. 32. 31. 30. 29.
 28. 27. 26. 25. 24. 23. 22. 21. 20. 19. 18. 17. 16. 15. 14. 13. 12. 11.
 10.  9.  8.  7.  6.  5.  4.  3.  2.  1.] [400. 450. 450. 450. 450. 450. 450. 450. 450. 450. 450. 450. 450. 450.
 450. 450. 450. 450. 450. 450. 450. 450. 450. 450. 450. 450. 450. 450.
 450. 450. 450. 450. 450. 450. 450. 450. 450. 450. 450. 450. 450. 450.
 450. 450. 450. 450. 450. 450. 450. 450. 450. 450. 450. 450. 450. 450.
 450. 450. 450. 450. 450. 450. 450. 450. 450. 450. 450. 450. 450. 450.
 450. 450. 450. 450. 450. 450. 450. 450. 450. 450. 450. 450.] [-2.84974569e-03  4.68299770e-03  9.57526111e-03  9.27853754e-03
  7.32602137e-03  8.37797793e-03  1.39982134e-02  2.06977983e-02
  2.61408049e-02  2.99607175e-02  3.53190487e-02  4.00619911e-02
  4.37506709e-02  5.08401119e-02  5.83422374e-02  6.53828597e-02
  7.26985827e-02  8.21785613e-02  9.19948176e-02  1.01527946e-01
  1.12304497e-01  1.25209305e-01  1.44280599e-01  1.63730422e-01
  1.83121134e-01  2.06327965e-01  2.29581800e-01  2.53101192e-01
  2.81578370e-01  3.12836887e-01  3.44503401e-01  3.78812560e-01
  4.12922263e-01  4.37108208e-01  4.40455236e-01  4.12240946e-01
  3.51735182e-01  2.68997394e-01  1.78829198e-01  1.06148144e-01
  5.91661142e-02  2.01163987e-02  8.94139774e-03  2.22547667e-02
  5.78158828e-02  1.20388726e-01  1.71992487e-01  2.23539025e-01
  2.85263648e-01  3.58354228e-01  4.50857252e-01  5.68503275e-01
  7.28299332e-01  9.42990983e-01  1.26032945e+00  1.78785470e+00
  2.55910501e+00  4.41316872e+00  8.13237556e+00  5.51061384e+00
  2.75821275e+00  1.97428722e+00  1.55641662e+00  1.27785874e+00
  1.08401008e+00  9.57557926e-01  8.45333820e-01  7.65778703e-01
  7.22285278e-01  6.87247323e-01  6.59838740e-01  6.39400879e-01
  6.25084070e-01  6.15974130e-01  5.99657768e-01  5.97881798e-01
  5.97089461e-01  6.01432703e-01  6.10417911e-01  6.26848973e-01
  6.57378957e-01  6.23444046e-01]
