# Frequency Voltage Deflection
0.0 200.0 0.015351667567893672
1.0 200.0 0.2530023234660333
2.0 200.0 0.27933955082180284
3.0 200.0 0.2622300704708475
4.0 200.0 0.25436213583218953
5.0 200.0 0.2540860884493602
6.0 200.0 0.2524486603599518
7.0 200.0 0.2537713865247892
8.0 200.0 0.2547306013647971
9.0 200.0 0.2766155831146894
10.0 200.0 0.27102030174633335
11.0 200.0 0.2764429206091129
12.0 200.0 0.2877389641047222
13.0 200.0 0.3069146710937913
14.0 200.0 0.3315781625902063
15.0 200.0 0.3591230478445065
16.0 200.0 0.386260285709037
17.0 200.0 0.42708713360799383
18.0 200.0 0.4873944135386449
19.0 200.0 0.5950575655463638
20.0 200.0 0.7654210764798409
21.0 200.0 1.1054695119510716
22.0 200.0 1.6674018137023519
23.0 200.0 1.7029958080657641
24.0 200.0 1.1686159027456549
25.0 200.0 0.8186200456477737
26.0 200.0 0.6012477743176734
27.0 200.0 0.5143688375465431
28.0 200.0 0.40187155122294704
29.0 200.0 0.3395344412260221
30.0 200.0 0.2721697246229866
31.0 200.0 0.23216097257413615
32.0 200.0 0.208697138440776
33.0 200.0 0.18734755324708438
34.0 200.0 0.16419530589300907
35.0 200.0 0.1446238339220838
36.0 200.0 0.13118117798453233
37.0 200.0 0.11797789615587961
38.0 200.0 0.1074384966273776
39.0 200.0 0.09475883037794933
40.0 200.0 0.0820992734049735
41.0 200.0 0.0705771192356945
42.0 200.0 0.058504304774824295
43.0 200.0 0.0513092241877201
44.0 200.0 0.04572898021463466
45.0 200.0 0.0429612333581271
46.0 200.0 0.04075760262136299
47.0 200.0 0.03917392546540641
48.0 200.0 0.03846405434240573
49.0 200.0 0.03213855475365957
50.0 200.0 0.028070571483327755
51.0 200.0 0.024614935056997786
52.0 200.0 0.022891703859971902
53.0 200.0 0.03502660528426794
54.0 200.0 0.04421514021065099
55.0 200.0 0.04521232017023893
56.0 200.0 0.04224738917486291
57.0 200.0 0.056516274488425756
58.0 200.0 0.07835429675059824
59.0 200.0 0.08509242563369733
60.0 200.0 0.0149508708791117
61.0 200.0 0.016135645538086607
62.0 200.0 0.01582412902047115
63.0 200.0 0.01584496957401613
64.0 200.0 0.015630878423284856
65.0 200.0 0.01612933353571455
66.0 200.0 0.015789642828835156
67.0 200.0 0.01496578276995819
68.0 200.0 0.015548326310564343
69.0 200.0 0.014334449719481697
70.0 200.0 0.014659884174293073
71.0 200.0 0.014674192056872436
72.0 200.0 0.015274077722652697
73.0 200.0 0.015816031371423067
74.0 200.0 0.01465979930178818
75.0 200.0 0.01519087383482948
76.0 200.0 0.014378811286980582
77.0 200.0 0.0156479921246849
78.0 200.0 0.015933494809090957
79.0 200.0 0.013579900952181794
80.0 200.0 0.015131978361899239
81.0 200.0 0.013281376358276382
82.0 200.0 0.014918650724670475
83.0 200.0 0.015061996600792589
84.0 200.0 0.01557591094546687
85.0 200.0 0.015091759809773127
86.0 200.0 0.01568805434647997
87.0 200.0 0.0159668416882682
88.0 200.0 0.01564166398354761
89.0 200.0 0.015094043366505612
90.0 200.0 0.014024440187741464
91.0 200.0 0.014943839338154328
92.0 200.0 0.015970705572494085
93.0 200.0 0.01536666177433915
94.0 200.0 0.01668344627721099
95.0 200.0 0.014387371416571648
96.0 200.0 0.015342837674049313
97.0 200.0 0.015162344036038116
98.0 200.0 0.014659786637166099
99.0 200.0 0.01216097887312283
