# Frequency Voltage Deflection
0.0 250.0 0.015353040697549331
1.0 250.0 0.1589936492617789
2.0 250.0 0.25463145452877617
3.0 250.0 0.23954255018913548
4.0 250.0 0.23201587179038943
5.0 250.0 0.22901053579800568
6.0 250.0 0.22597637793012376
7.0 250.0 0.22640734761511502
8.0 250.0 0.23234414364110761
9.0 250.0 0.2532255266181301
10.0 250.0 0.25798460987379546
11.0 250.0 0.27322512127055604
12.0 250.0 0.2947485713027565
13.0 250.0 0.3292451608414092
14.0 250.0 0.35438664737190245
15.0 250.0 0.39758704804516143
16.0 250.0 0.454133006681158
17.0 250.0 0.546205360224527
18.0 250.0 0.6826670995896199
19.0 250.0 0.8812550891910873
20.0 250.0 1.2316668209646493
21.0 250.0 1.6609697723593297
22.0 250.0 2.349459450859552
23.0 250.0 2.4349817205963222
24.0 250.0 1.7412074408397165
25.0 250.0 1.1106804506226169
26.0 250.0 0.7671574351719685
27.0 250.0 0.5750019008598081
28.0 250.0 0.4680825242541307
29.0 250.0 0.3971755060134001
30.0 250.0 0.3269815797365474
31.0 250.0 0.3108699735482685
32.0 250.0 0.2791673937585106
33.0 250.0 0.25632279642426387
34.0 250.0 0.25152966456889125
35.0 250.0 0.24701000758074798
36.0 250.0 0.24586997755859774
37.0 250.0 0.24484128431971874
38.0 250.0 0.24180855203956736
39.0 250.0 0.24710774650446915
40.0 250.0 0.2473613496772283
41.0 250.0 0.23521953640751134
42.0 250.0 0.22740410350162057
43.0 250.0 0.23407472871419024
44.0 250.0 0.23861859125435655
45.0 250.0 0.23903158151624027
46.0 250.0 0.2356946810165198
47.0 250.0 0.23018620174723883
48.0 250.0 0.22678253303477583
49.0 250.0 0.22825296387473137
50.0 250.0 0.22740811437890388
51.0 250.0 0.2298340346292957
52.0 250.0 0.22435347496133354
53.0 250.0 0.21861601691147128
54.0 250.0 0.20416065244040832
55.0 250.0 0.18940971642097934
56.0 250.0 0.17840557402542667
57.0 250.0 0.17238798804071506
58.0 250.0 0.1667530435555944
59.0 250.0 0.16813210797377698
60.0 250.0 0.166082623715727
61.0 250.0 0.1538015316488652
62.0 250.0 0.1499331231082088
63.0 250.0 0.1403633443613549
64.0 250.0 0.1284055927645362
65.0 250.0 0.13016487646741112
66.0 250.0 0.12232359803548484
67.0 250.0 0.11304225212535886
68.0 250.0 0.10040775507275862
69.0 250.0 0.015799896714601972
70.0 250.0 0.015286578031257556
71.0 250.0 0.015282751502169198
72.0 250.0 0.01503630529794659
73.0 250.0 0.015129137234393915
74.0 250.0 0.015206590836824654
75.0 250.0 0.015984634729621798
76.0 250.0 0.014568587187462354
77.0 250.0 0.014996267597609213
78.0 250.0 0.015698201075277994
79.0 250.0 0.015924929439590407
80.0 250.0 0.015633632944375076
81.0 250.0 0.015302372688032214
82.0 250.0 0.015994480753445065
83.0 250.0 0.015131004327037567
84.0 250.0 0.010623972732899944
85.0 250.0 0.015260350313572172
86.0 250.0 0.01515089199748208
87.0 250.0 0.012161265332738752
88.0 250.0 0.015734189603538014
89.0 250.0 0.014991522823274652
90.0 250.0 0.013073479826767858
91.0 250.0 0.015378174197173777
92.0 250.0 0.014343501736277471
93.0 250.0 0.011335961433480478
94.0 250.0 0.015221960041591215
95.0 250.0 0.01333522984584507
96.0 250.0 0.0132551170175508
97.0 250.0 0.014900205838188418
98.0 250.0 0.015889855823614345
99.0 250.0 0.014709042170261852
