# Frequency Voltage Deflection
0.0 50.0 0.016315112531463716
1.0 50.0 0.05952891290827653
2.0 50.0 0.0811799904724457
3.0 50.0 0.05449986395736886
4.0 50.0 0.0263704271940747
5.0 50.0 0.017055185728360348
6.0 50.0 0.016811267354174785
7.0 50.0 0.01630069759568837
8.0 50.0 0.01628049077956611
9.0 50.0 0.018094279604942472
10.0 50.0 0.019693591822585704
11.0 50.0 0.015144732443789022
12.0 50.0 0.015370540159640617
13.0 50.0 0.01440229608925717
14.0 50.0 0.016203423417320593
15.0 50.0 0.01503646410834169
16.0 50.0 0.015127337348469362
17.0 50.0 0.02570671396693036
18.0 50.0 0.04420343841297822
19.0 50.0 0.05847556237819757
20.0 50.0 0.0739327094369801
21.0 50.0 0.09440971216484827
22.0 50.0 0.13334966425475667
23.0 50.0 0.218231302996711
24.0 50.0 0.24729346721675305
25.0 50.0 0.20832499922975217
26.0 50.0 0.17380013819627912
27.0 50.0 0.13277619153168324
28.0 50.0 0.10577651581664363
29.0 50.0 0.09517197082962302
30.0 50.0 0.08811730141552815
31.0 50.0 0.07195537414994861
32.0 50.0 0.06736203597663516
33.0 50.0 0.07463010153367931
34.0 50.0 0.07378009669590119
35.0 50.0 0.06371354885369568
36.0 50.0 0.05264768281797295
37.0 50.0 0.04139039078029938
38.0 50.0 0.0328616099057449
39.0 50.0 0.02879572786288993
40.0 50.0 0.02657804509521037
41.0 50.0 0.027043341746771747
42.0 50.0 0.02626933178824473
43.0 50.0 0.02428715641800428
44.0 50.0 0.024549236435025
45.0 50.0 0.0196831546064596
46.0 50.0 0.015724976151190482
47.0 50.0 0.016055063941051093
48.0 50.0 0.015885417219226525
49.0 50.0 0.015751895001519838
50.0 50.0 0.013975540540409311
51.0 50.0 0.015526931244397205
52.0 50.0 0.015535507391639957
53.0 50.0 0.02699600272162149
54.0 50.0 0.036740789175672035
55.0 50.0 0.035698667641719396
56.0 50.0 0.029660257440502925
57.0 50.0 0.025417251116940244
58.0 50.0 0.02269537748755427
59.0 50.0 0.016155991574632798
60.0 50.0 0.017005170252200653
61.0 50.0 0.01616348013692751
62.0 50.0 0.017386503915734628
63.0 50.0 0.016094966646027102
64.0 50.0 0.016746692405756478
65.0 50.0 0.02283009715974018
66.0 50.0 0.024677377888905692
67.0 50.0 0.01727612218952189
68.0 50.0 0.01641769721133685
69.0 50.0 0.01618505287923379
70.0 50.0 0.015859359961981002
71.0 50.0 0.015195093043759633
72.0 50.0 0.015135595922773117
73.0 50.0 0.017229855088763606
74.0 50.0 0.015234075750785284
75.0 50.0 0.015688432712022003
76.0 50.0 0.015528384827701195
77.0 50.0 0.01606705498165794
78.0 50.0 0.014872560029466839
79.0 50.0 0.015784008470494097
80.0 50.0 0.015508005859064334
81.0 50.0 0.015386388769638172
82.0 50.0 0.015140937955988894
83.0 50.0 0.015630802389996118
84.0 50.0 0.015944996428838832
85.0 50.0 0.014674843026399785
86.0 50.0 0.01587992259155379
87.0 50.0 0.013175939236467775
88.0 50.0 0.016029856134568258
89.0 50.0 0.015273604883567545
90.0 50.0 0.015032913007938836
91.0 50.0 0.014839648490219667
92.0 50.0 0.015137089422241717
93.0 50.0 0.015136981245548239
94.0 50.0 0.015197387885804495
95.0 50.0 0.01563308539199885
96.0 50.0 0.0170802374888545
97.0 50.0 0.016527149083673004
98.0 50.0 0.01581313580889041
99.0 50.0 0.01460415018310146
