# Frequency Voltage Deflection
0.0 100.0 0.014731540921006689
1.0 100.0 0.09790573136187496
2.0 100.0 0.1787302972173027
3.0 100.0 0.1722278331126082
4.0 100.0 0.1726867047592841
5.0 100.0 0.17556265851743258
6.0 100.0 0.17907876681226448
7.0 100.0 0.18140432776102156
8.0 100.0 0.18563345436294254
9.0 100.0 0.19189029375336386
10.0 100.0 0.19859614674874884
11.0 100.0 0.20472516452438388
12.0 100.0 0.21247454611790792
13.0 100.0 0.21985359927792694
14.0 100.0 0.22591147900864247
15.0 100.0 0.23579786273351078
16.0 100.0 0.24844762750432364
17.0 100.0 0.2613111293567053
18.0 100.0 0.27806721200073015
19.0 100.0 0.2945803365237807
20.0 100.0 0.33677409506322714
21.0 100.0 0.4215489117757186
22.0 100.0 0.6199980981732216
23.0 100.0 0.7367229671699131
24.0 100.0 0.5558634757139832
25.0 100.0 0.42238095457830444
26.0 100.0 0.3203989343775385
27.0 100.0 0.25056817946366394
28.0 100.0 0.21697063619547768
29.0 100.0 0.18033189144786402
30.0 100.0 0.14682447146891578
31.0 100.0 0.11278878649110168
32.0 100.0 0.09269235055007398
33.0 100.0 0.08564903768584442
34.0 100.0 0.07985145697622902
35.0 100.0 0.07087082208384807
36.0 100.0 0.0654546690566498
37.0 100.0 0.06336371057774243
38.0 100.0 0.06291601761191422
39.0 100.0 0.06294207414519942
40.0 100.0 0.06385189393883038
41.0 100.0 0.06771429217848542
42.0 100.0 0.0669068455237667
43.0 100.0 0.06789013256759883
44.0 100.0 0.06841801990790845
45.0 100.0 0.06739037225977101
46.0 100.0 0.06515740047624405
47.0 100.0 0.06193483786007229
48.0 100.0 0.05971718406805121
49.0 100.0 0.05893919970270414
50.0 100.0 0.059352503841551
51.0 100.0 0.060731243601323974
52.0 100.0 0.06349323873245175
53.0 100.0 0.06835113645886103
54.0 100.0 0.07417994446034033
55.0 100.0 0.0766044558725765
56.0 100.0 0.07664187868012824
57.0 100.0 0.07582113397909497
58.0 100.0 0.0775543721718253
59.0 100.0 0.07944269541907403
60.0 100.0 0.08242069972247709
61.0 100.0 0.08343688314564464
62.0 100.0 0.07980262107876217
63.0 100.0 0.06765043844629726
64.0 100.0 0.058467496522535245
65.0 100.0 0.06242557311391525
66.0 100.0 0.04788744642912984
67.0 100.0 0.02619455130237209
68.0 100.0 0.01738586569887536
69.0 100.0 0.015532585383849997
70.0 100.0 0.014367622273119518
71.0 100.0 0.0158923758993087
72.0 100.0 0.013558757514983581
73.0 100.0 0.014994967560362714
74.0 100.0 0.017281025941246992
75.0 100.0 0.014223524388013496
76.0 100.0 0.01400279502428566
77.0 100.0 0.015990446993924375
78.0 100.0 0.019560502911097323
79.0 100.0 0.02217962642098915
80.0 100.0 0.02426208971848232
81.0 100.0 0.024128635181582692
82.0 100.0 0.025388712974922827
83.0 100.0 0.02351901025515592
84.0 100.0 0.023006483750711713
85.0 100.0 0.026513868513510938
86.0 100.0 0.02903359082001504
87.0 100.0 0.03392088910740399
88.0 100.0 0.037748572802980274
89.0 100.0 0.03890733220938998
90.0 100.0 0.03673028499670814
91.0 100.0 0.034667464336792735
92.0 100.0 0.029175803084336874
93.0 100.0 0.023775791031022203
94.0 100.0 0.018640270847362445
95.0 100.0 0.01489479534215188
96.0 100.0 0.015838890359796895
97.0 100.0 0.01577474952093625
98.0 100.0 0.015962999930652862
99.0 100.0 0.013766363360823784
